168
2 482 326 
2 300 165 
2 47 33 
2 12 454 
2 421 330 
2 322 315 
2 306 299 
2 279 256 
2 21 14 
2 1 492 
2 414 358 
2 352 334 
2 212 189 
2 154 86 
2 17 7
2 495 484 
2 462 443 
2 410 337 
2 319 301 
2 266 213 
2 182 170 
2 158 156 
2 141 120 
2 73 72 
2 64 11 
2 486 475 
2 463 452 
2 451 448 
2 434 376 
2 371 350 
2 329 310 
2 298 264 
2 261 234 
2 221 210 
2 166 155 
2 113 111 
2 108 52 
2 48 38 
2 0 499 
2 498 473 
2 455 445 
2 439 433 
2 430 419 
2 409 405 
2 396 387 
2 385 367 
2 360 356 
2 324 320 
2 311 292 
2 288 277 
2 273 271 
2 258 249 
2 240 236 
2 231 219 
2 208 199 
2 193 187 
2 181 175 
2 147 61 
2 60 34 
2 20 19 
2 15 5 
2 497 474 
2 472 467 
2 459 449 
2 447 444 
4 442 438 437 431 
4 429 427 424 422 
4 412 407 403 400 
4 399 397 394 392 
4 391 388 384 375 
4 364 362 353 351 
4 348 345 336 328 
4 302 294 283 278 
4 276 268 263 242 
4 235 230 225 218 
4 214 203 201 192 
4 188 180 177 163 
4 162 159 149 139 
4 123 121 117 105 
4 99 91 90 89 
4 71 65 55 31 
4 24 23 18 13 
4 10 8 6 3 
4 494 490 468 461 
4 460 453 450 446 
4 432 425 411 401 
4 395 390 379 378 
4 377 373 372 365 
4 363 361 359 347 
4 341 339 332 325 
4 307 304 295 289 
4 285 284 282 280 
4 274 269 267 259 
4 254 251 247 245 
4 244 237 233 226 
4 217 207 204 200 
4 198 195 186 185 
4 174 172 164 160 
4 153 152 151 148 
4 144 138 136 132 
4 129 128 124 119 
4 116 115 114 112 
4 109 107 106 104 
4 101 100 95 92 
4 81 80 79 78 
4 76 70 69 66 
4 59 56 54 50 
4 46 45 44 41 
4 40 36 32 29 
4 27 26 25 22 
4 16 441 423 420 
4 369 333 286 252 
4 197 196 190 97 
4 93 35 28 496 
4 493 491 489 488 
4 487 485 483 481 
4 480 479 478 477 
4 476 471 470 469 
4 466 465 464 458 
4 457 456 440 436 
4 435 428 426 418 
4 417 416 415 413 
4 408 406 404 402 
4 398 393 389 386 
4 383 382 381 380 
3 374 370 368 
3 366 357 355 
3 354 349 346 
3 344 343 342 
3 340 338 335 
3 331 327 323 
3 321 318 317 
3 316 314 313 
3 312 309 308 
3 305 303 297 
3 296 293 291 
3 290 287 281 
3 275 272 270 
3 265 262 260 
3 257 255 253 
3 250 248 246 
3 243 241 239 
3 238 232 229 
3 228 227 224 
3 223 222 220 
3 216 215 211 
3 209 206 205 
3 202 194 191 
3 184 183 179 
3 178 176 173 
3 171 169 168 
3 167 161 157 
3 150 146 145 
3 143 142 140 
3 137 135 134 
3 133 131 130 
3 127 126 125 
3 122 118 110 
3 103 102 98 
3 96 94 88 
3 87 85 84 
3 83 82 77 
3 75 74 68 
3 67 63 62 
3 58 57 53 
3 51 49 43 
3 42 39 37 
3 30 9 4 
